  1.52999997E+00  6.00984764E+00  6.17864132E+00  5.84208965E+00  6.01036549E+00  6.00983524E+00
  1.53999996E+00  6.34792900E+00  6.51803017E+00  6.17864132E+00  6.34833574E+00  6.34791279E+00
  1.54999995E+00  6.68852758E+00  6.85961246E+00  6.51803017E+00  6.68882132E+00  6.68850756E+00
  1.55999994E+00  7.03102064E+00  7.20283985E+00  6.85961246E+00  7.03122616E+00  7.03101778E+00
  1.56999993E+00  7.37478828E+00  7.54692554E+00  7.20283985E+00  7.37488270E+00  7.37477350E+00
  1.57999992E+00  7.71920729E+00  7.89151192E+00  7.54692554E+00  7.71921873E+00  7.71922684E+00
  1.58999991E+00  8.06365299E+00  8.23559761E+00  7.89151192E+00  8.06355476E+00  8.06364059E+00
  1.59999990E+00  8.40749741E+00  8.57906342E+00  8.23559761E+00  8.40733051E+00  8.40752983E+00
  1.61000001E+00  8.75012875E+00  8.92066956E+00  8.57906342E+00  8.74986649E+00  8.75018883E+00
  1.62000000E+00  9.09092236E+00  9.26027298E+00  8.92066956E+00  9.09047127E+00  9.09086132E+00
  1.63000000E+00  9.42926788E+00  9.59725380E+00  9.26027298E+00  9.42876339E+00  9.42927265E+00
  1.63999999E+00  9.76457310E+00  9.93070602E+00  9.59725380E+00  9.76397991E+00  9.76458454E+00
  1.64999998E+00  1.00962391E+01  1.02603912E+01  9.93070602E+00  1.00955486E+01  1.00962639E+01
  1.65999997E+00  1.04236851E+01  1.05853558E+01  1.02603912E+01  1.04228735E+01  1.04236803E+01
  1.66999996E+00  1.07463341E+01  1.09054565E+01  1.05853558E+01  1.07454062E+01  1.07462845E+01
  1.67999995E+00  1.10636406E+01  1.12198591E+01  1.09054565E+01  1.10626583E+01  1.10636511E+01
  1.68999994E+00  1.13750572E+01  1.15281343E+01  1.12198591E+01  1.13739967E+01  1.13750696E+01
  1.69999993E+00  1.16800594E+01  1.18296146E+01  1.15281343E+01  1.16788750E+01  1.16800232E+01
  1.70999992E+00  1.19781322E+01  1.21241570E+01  1.18296146E+01  1.19768858E+01  1.19781160E+01
  1.71999991E+00  1.22687969E+01  1.24109268E+01  1.21241570E+01  1.22675419E+01  1.22688694E+01
  1.73000002E+00  1.25515814E+01  1.26895428E+01  1.24109268E+01  1.25502348E+01  1.25516376E+01
  1.74000001E+00  1.28260326E+01  1.29596233E+01  1.26895428E+01  1.28245831E+01  1.28260336E+01
  1.75000000E+00  1.30917282E+01  1.32207870E+01  1.29596233E+01  1.30902052E+01  1.30917435E+01
  1.75999999E+00  1.33482656E+01  1.34725571E+01  1.32207870E+01  1.33466721E+01  1.33482780E+01
  1.76999998E+00  1.35952663E+01  1.37145519E+01  1.34725571E+01  1.35935545E+01  1.35951796E+01
  1.77999997E+00  1.38323746E+01  1.39467239E+01  1.37145519E+01  1.38306379E+01  1.38323431E+01
  1.78999996E+00  1.40592709E+01  1.41683578E+01  1.39467239E+01  1.40575409E+01  1.40593014E+01
  1.79999995E+00  1.42756500E+01  1.43793106E+01  1.41683578E+01  1.42738342E+01  1.42756224E+01
  1.80999994E+00  1.44812412E+01  1.45794392E+01  1.43793106E+01  1.44793749E+01  1.44812193E+01
  1.81999993E+00  1.46758060E+01  1.47684097E+01  1.45794392E+01  1.46739244E+01  1.46757841E+01
  1.82999992E+00  1.48591251E+01  1.49460793E+01  1.47684097E+01  1.48572445E+01  1.48591604E+01
  1.83999991E+00  1.50310173E+01  1.51121140E+01  1.49460793E+01  1.50290966E+01  1.50310163E+01
  1.84999990E+00  1.51913242E+01  1.52667522E+01  1.51121140E+01  1.51894331E+01  1.51913767E+01
  1.86000001E+00  1.53399258E+01  1.54093266E+01  1.52667522E+01  1.53380394E+01  1.53400307E+01
  1.87000000E+00  1.54767265E+01  1.55400753E+01  1.54093266E+01  1.54747009E+01  1.54766445E+01
  1.88000000E+00  1.56016655E+01  1.56591892E+01  1.55400753E+01  1.55996323E+01  1.56016035E+01
  1.88999999E+00  1.57147102E+01  1.57662868E+01  1.56591892E+01  1.57127380E+01  1.57147293E+01
  1.89999998E+00  1.58158607E+01  1.58615112E+01  1.57662868E+01  1.58138990E+01  1.58158941E+01
  1.90999997E+00  1.59051495E+01  1.59448147E+01  1.58615112E+01  1.59031630E+01  1.59051142E+01
  1.91999996E+00  1.59826403E+01  1.60164833E+01  1.59448147E+01  1.59806490E+01  1.59825964E+01
  1.92999995E+00  1.60484238E+01  1.60765171E+01  1.60164833E+01  1.60465012E+01  1.60484314E+01
  1.93999994E+00  1.61026249E+01  1.61249161E+01  1.60765171E+01  1.61007175E+01  1.61026115E+01
  1.94999993E+00  1.61453972E+01  1.61620617E+01  1.61249161E+01  1.61434898E+01  1.61453457E+01
  1.95999992E+00  1.61769314E+01  1.61880970E+01  1.61620617E+01  1.61750793E+01  1.61769314E+01
  1.96999991E+00  1.61974373E+01  1.62032127E+01  1.61880970E+01  1.61956558E+01  1.61974506E+01
  1.97999990E+00  1.62071552E+01  1.62076950E+01  1.62032127E+01  1.62054539E+01  1.62072067E+01
  1.99000001E+00  1.62063637E+01  1.62017822E+01  1.62076950E+01  1.62047386E+01  1.62064476E+01
  2.00000000E+00  1.61953583E+01  1.61856651E+01  1.62017822E+01  1.61937237E+01  1.61953773E+01
  2.00999999E+00  1.61744652E+01  1.61600113E+01  1.61856651E+01  1.61728382E+01  1.61744118E+01
  2.01999998E+00  1.61440392E+01  1.61249161E+01  1.61600113E+01  1.61424637E+01  1.61439896E+01
  2.02999997E+00  1.61044617E+01  1.60810471E+01  1.61249161E+01  1.61029816E+01  1.61044369E+01
  2.03999996E+00  1.60561275E+01  1.60284996E+01  1.60810471E+01  1.60547733E+01  1.60561962E+01
  2.04999995E+00  1.59994698E+01  1.59677505E+01  1.60284996E+01  1.59981251E+01  1.59994364E+01
  2.05999994E+00  1.59349346E+01  1.58995628E+01  1.59677505E+01  1.59336567E+01  1.59348888E+01
  2.06999993E+00  1.58629875E+01  1.58241272E+01  1.58995628E+01  1.58618450E+01  1.58630371E+01
  2.07999992E+00  1.57841225E+01  1.57420158E+01  1.58241272E+01  1.57830715E+01  1.57841530E+01
  2.08999991E+00  1.56988459E+01  1.56537056E+01  1.57420158E+01  1.56978607E+01  1.56988230E+01
  2.09999990E+00  1.56076822E+01  1.55597687E+01  1.56537056E+01  1.56067371E+01  1.56075878E+01
  2.10999990E+00  1.55111828E+01  1.54609680E+01  1.55597687E+01  1.55103683E+01  1.55111637E+01
  2.11999989E+00  1.54098921E+01  1.53573990E+01  1.54609680E+01  1.54091835E+01  1.54099226E+01
  2.12999988E+00  1.53043861E+01  1.52500153E+01  1.53573990E+01  1.53037071E+01  1.53042879E+01
  2.13999987E+00  1.51952496E+01  1.51394844E+01  1.52500153E+01  1.51947498E+01  1.51952505E+01
  2.14999986E+00  1.50830698E+01  1.50259018E+01  1.51394844E+01  1.50826931E+01  1.50831146E+01
  2.15999985E+00  1.49684505E+01  1.49104118E+01  1.50259018E+01  1.49681568E+01  1.49684515E+01
  2.16999984E+00  1.48520050E+01  1.47935867E+01  1.49104118E+01  1.48519993E+01  1.48522701E+01
  2.18000007E+00  1.47343426E+01  1.46751404E+01  1.47935867E+01  1.47343636E+01  1.47345066E+01
  2.19000006E+00  1.46160889E+01  1.45569801E+01  1.46751404E+01  1.46160603E+01  1.46160212E+01
  2.20000005E+00  1.44978724E+01  1.44389153E+01  1.45569801E+01  1.44979477E+01  1.44978447E+01
  2.21000004E+00  1.43803043E+01  1.43220901E+01  1.44389153E+01  1.43805027E+01  1.43802881E+01
  2.22000003E+00  1.42640181E+01  1.42066002E+01  1.43220901E+01  1.42643452E+01  1.42640753E+01
  2.23000002E+00  1.41496382E+01  1.40933990E+01  1.42066002E+01  1.41499996E+01  1.41495943E+01
