  7.79999971E-01  5.45486164E+00  5.39088249E+00  5.51599264E+00  5.45343781E+00  5.45484352E+00
  7.89999962E-01  5.32555580E+00  5.25753498E+00  5.39088249E+00  5.32420874E+00  5.32554293E+00
  7.99999952E-01  5.18821907E+00  5.11641502E+00  5.25753498E+00  5.18697500E+00  5.18824053E+00
  8.10000002E-01  5.04331112E+00  4.96788025E+00  5.11641502E+00  5.04214764E+00  5.04333401E+00
  8.19999993E-01  4.89132023E+00  4.81256247E+00  4.96788025E+00  4.89022160E+00  4.89131212E+00
  8.29999983E-01  4.73274326E+00  4.65089083E+00  4.81256247E+00  4.73172665E+00  4.73273611E+00
  8.39999974E-01  4.56810474E+00  4.48346138E+00  4.65089083E+00  4.56717634E+00  4.56809998E+00
  8.49999964E-01  4.39793730E+00  4.31075096E+00  4.48346138E+00  4.39710617E+00  4.39793587E+00
  8.59999955E-01  4.22279692E+00  4.13336754E+00  4.31075096E+00  4.22205925E+00  4.22279453E+00
  8.70000005E-01  4.04324579E+00  3.95185947E+00  4.13336754E+00  4.04261351E+00  4.04325342E+00
  8.79999995E-01  3.85986376E+00  3.76678705E+00  3.95185947E+00  3.85932326E+00  3.85985780E+00
  8.89999986E-01  3.67324328E+00  3.57881784E+00  3.76678705E+00  3.67280245E+00  3.67324352E+00
  8.99999976E-01  3.48397875E+00  3.38846445E+00  3.57881784E+00  3.48364115E+00  3.48398089E+00
  9.09999967E-01  3.29268241E+00  3.19641829E+00  3.38846445E+00  3.29244137E+00  3.29267883E+00
  9.19999957E-01  3.09996295E+00  3.00325155E+00  3.19641829E+00  3.09983492E+00  3.09997010E+00
  9.30000007E-01  2.90644193E+00  2.80958414E+00  3.00325155E+00  2.90641785E+00  2.90645075E+00
  9.39999998E-01  2.71274424E+00  2.61604786E+00  2.80958414E+00  2.71281600E+00  2.71274257E+00
  9.49999988E-01  2.51948929E+00  2.42328644E+00  2.61604786E+00  2.51966715E+00  2.51949143E+00
  9.59999979E-01  2.32730651E+00  2.23188400E+00  2.42328644E+00  2.32758522E+00  2.32729912E+00
  9.69999969E-01  2.13681507E+00  2.04250813E+00  2.23188400E+00  2.13719606E+00  2.13681269E+00
  9.79999959E-01  1.94863987E+00  1.85574293E+00  2.04250813E+00  1.94912553E+00  1.94863677E+00
  9.89999950E-01  1.76339340E+00  1.67223215E+00  1.85574293E+00  1.76398754E+00  1.76340151E+00
  1.00000000E+00  1.58168900E+00  1.49252415E+00  1.67223215E+00  1.58237815E+00  1.58168876E+00
  1.00999999E+00  1.40412939E+00  1.31731033E+00  1.49252415E+00  1.40491724E+00  1.40412951E+00
  1.01999998E+00  1.23131132E+00  1.14710331E+00  1.31731033E+00  1.23220682E+00  1.23132074E+00
  1.02999997E+00  1.06381750E+00  9.82499123E-01  1.14710331E+00  1.06480122E+00  1.06381774E+00
  1.03999996E+00  9.02217388E-01  8.24069977E-01  9.82499123E-01  9.03284550E-01  9.02209699E-01
  1.04999995E+00  7.47071981E-01  6.72411919E-01  8.24069977E-01  7.48240948E-01  7.47072697E-01
  1.05999994E+00  5.98928928E-01  5.27977943E-01  6.72411919E-01  6.00194931E-01  5.98945260E-01
  1.06999993E+00  4.58314180E-01  3.91316414E-01  5.27977943E-01  4.59647179E-01  4.58302110E-01
  1.07999992E+00  3.25736284E-01  2.62975693E-01  3.91316414E-01  3.27146053E-01  3.25715542E-01
  1.09000003E+00  2.01690197E-01  1.43432617E-01  2.62975693E-01  2.03204155E-01  2.01708078E-01
  1.10000002E+00  8.66513252E-02  3.30209732E-02  1.43432617E-01  8.82267952E-02  8.66492614E-02
  1.11000001E+00 -1.89328194E-02 -6.75916672E-02  3.30209732E-02 -1.72853470E-02 -1.89344101E-02
  1.12000000E+00 -1.14629030E-01 -1.58238411E-01 -6.75916672E-02 -1.12915039E-01 -1.14627682E-01
  1.13000000E+00 -2.00034142E-01 -2.38275528E-01 -1.58238411E-01 -1.98256969E-01 -2.00035185E-01
  1.13999999E+00 -2.74763584E-01 -3.07559967E-01 -2.38275528E-01 -2.72917747E-01 -2.74753571E-01
  1.14999998E+00 -3.38462114E-01 -3.65591049E-01 -3.07559967E-01 -3.36575508E-01 -3.38476896E-01
  1.15999997E+00 -3.90797615E-01 -4.12106514E-01 -3.65591049E-01 -3.88848782E-01 -3.90789926E-01
  1.16999996E+00 -4.31466103E-01 -4.46820259E-01 -4.12106514E-01 -4.29463387E-01 -4.31448221E-01
  1.17999995E+00 -4.60191727E-01 -4.69493866E-01 -4.46820259E-01 -4.58157063E-01 -4.60189581E-01
  1.18999994E+00 -4.76727009E-01 -4.79817390E-01 -4.69493866E-01 -4.74655628E-01 -4.76721942E-01
  1.19999993E+00 -4.80851173E-01 -4.77719307E-01 -4.79817390E-01 -4.78768349E-01 -4.80872393E-01
  1.20999992E+00 -4.72376823E-01 -4.62830067E-01 -4.77719307E-01 -4.70274687E-01 -4.72408533E-01
  1.22000003E+00 -4.51142311E-01 -4.35149670E-01 -4.62830067E-01 -4.48989868E-01 -4.51135635E-01
  1.23000002E+00 -4.17019844E-01 -3.94511223E-01 -4.35149670E-01 -4.14830446E-01 -4.16988134E-01
  1.24000001E+00 -3.69910240E-01 -3.40950489E-01 -3.94511223E-01 -3.67730856E-01 -3.69901478E-01
  1.25000000E+00 -3.09747219E-01 -2.74229050E-01 -3.40950489E-01 -3.07589769E-01 -3.09779257E-01
  1.25999999E+00 -2.36493111E-01 -1.94406509E-01 -2.74229050E-01 -2.34317780E-01 -2.36503288E-01
  1.26999998E+00 -1.50144100E-01 -1.01459026E-01 -1.94406509E-01 -1.47932768E-01 -1.50101393E-01
  1.27999997E+00 -5.07249832E-02  4.37498093E-03 -1.01459026E-01 -4.85420227E-02 -5.07086515E-02
  1.28999996E+00  6.17065430E-02  1.23286247E-01  4.37498093E-03  6.38306141E-02  6.16619997E-02
  1.29999995E+00  1.87061310E-01  2.55095959E-01  1.23286247E-01  1.89191103E-01  1.87063217E-01
  1.30999994E+00  3.25221062E-01  3.99589539E-01  2.55095959E-01  3.27342749E-01  3.25241685E-01
  1.31999993E+00  4.76036072E-01  5.56635857E-01  3.99589539E-01  4.78112698E-01  4.76031512E-01
  1.32999992E+00  6.39326096E-01  7.26079941E-01  5.56635857E-01  6.41357899E-01  6.39307499E-01
  1.33999991E+00  8.14883232E-01  9.07731056E-01  7.26079941E-01  8.16905499E-01  8.14902782E-01
  1.35000002E+00  1.00246859E+00  1.10116005E+00  9.07731056E-01  1.00444555E+00  1.00248861E+00
  1.36000001E+00  1.20181370E+00  1.30627155E+00  1.10116005E+00  1.20371580E+00  1.20180249E+00
  1.37000000E+00  1.41262197E+00  1.52266026E+00  1.30627155E+00  1.41446590E+00  1.41260624E+00
  1.38000000E+00  1.63457489E+00  1.75008774E+00  1.52266026E+00  1.63637400E+00  1.63457799E+00
  1.38999999E+00  1.86732101E+00  1.98802948E+00  1.75008774E+00  1.86905861E+00  1.86732411E+00
  1.39999998E+00  2.11048841E+00  2.23627090E+00  1.98802948E+00  2.11215019E+00  2.11047339E+00
  1.40999997E+00  2.36367655E+00  2.49428749E+00  2.23627090E+00  2.36527920E+00  2.36368179E+00
  1.41999996E+00  2.62646604E+00  2.76169777E+00  2.49428749E+00  2.62799263E+00  2.62646675E+00
  1.42999995E+00  2.89840889E+00  3.03800106E+00  2.76169777E+00  2.89984941E+00  2.89839911E+00
  1.43999994E+00  3.17904210E+00  3.32281590E+00  3.03800106E+00  3.18040848E+00  3.17904568E+00
  1.44999993E+00  3.46787620E+00  3.61549854E+00  3.32281590E+00  3.46915722E+00  3.46787786E+00
  1.45999992E+00  3.76441050E+00  3.91569138E+00  3.61549854E+00  3.76559496E+00  3.76438904E+00
  1.46999991E+00  4.06811666E+00  4.22282219E+00  3.91569138E+00  4.06925678E+00  4.06816816E+00
  1.48000002E+00  4.37846422E+00  4.53617573E+00  4.22282219E+00  4.37949896E+00  4.37848759E+00
