  2.27999997E+00  1.36277466E+01  1.35820389E+01  1.36752129E+01  1.36286259E+01  1.36277122E+01
  2.28999996E+00  1.35375681E+01  1.34950638E+01  1.35820389E+01  1.35385513E+01  1.35375586E+01
  2.29999995E+00  1.34534760E+01  1.34141922E+01  1.34950638E+01  1.34546280E+01  1.34535313E+01
  2.30999994E+00  1.33760262E+01  1.33401871E+01  1.34141922E+01  1.33771896E+01  1.33759823E+01
  2.31999993E+00  1.33057518E+01  1.32738113E+01  1.33401871E+01  1.33069992E+01  1.33056803E+01
  2.32999992E+00  1.32431822E+01  1.32153511E+01  1.32738113E+01  1.32445812E+01  1.32432623E+01
  2.33999991E+00  1.31888189E+01  1.31651878E+01  1.32153511E+01  1.31902695E+01  1.31887913E+01
  2.34999990E+00  1.31431475E+01  1.31240845E+01  1.31651878E+01  1.31446362E+01  1.31430950E+01
  2.35999990E+00  1.31066399E+01  1.30923271E+01  1.31240845E+01  1.31082058E+01  1.31065769E+01
  2.36999989E+00  1.30797310E+01  1.30704880E+01  1.30923271E+01  1.30814075E+01  1.30797386E+01
  2.37999988E+00  1.30628481E+01  1.30587578E+01  1.30704880E+01  1.30646229E+01  1.30628910E+01
  2.38999987E+00  1.30563927E+01  1.30575180E+01  1.30587578E+01  1.30581379E+01  1.30563021E+01
  2.39999986E+00  1.30607319E+01  1.30675316E+01  1.30575180E+01  1.30625248E+01  1.30606737E+01
  2.40999985E+00  1.30762157E+01  1.30886078E+01  1.30675316E+01  1.30780697E+01  1.30761471E+01
  2.41999984E+00  1.31031675E+01  1.31215096E+01  1.30886078E+01  1.31050587E+01  1.31030884E+01
  2.42999983E+00  1.31418839E+01  1.31666183E+01  1.31215096E+01  1.31440639E+01  1.31421175E+01
  2.44000006E+00  1.31926327E+01  1.32230759E+01  1.31666183E+01  1.31948471E+01  1.31928205E+01
  2.45000005E+00  1.32556458E+01  1.32923126E+01  1.32230759E+01  1.32576942E+01  1.32556124E+01
  2.46000004E+00  1.33311367E+01  1.33741379E+01  1.32923126E+01  1.33332253E+01  1.33311272E+01
  2.47000003E+00  1.34192848E+01  1.34688377E+01  1.33741379E+01  1.34214878E+01  1.34193583E+01
  2.48000002E+00  1.35202389E+01  1.35759354E+01  1.34688377E+01  1.35223866E+01  1.35202255E+01
  2.49000001E+00  1.36341171E+01  1.36965752E+01  1.35759354E+01  1.36362553E+01  1.36340780E+01
  2.50000000E+00  1.37610092E+01  1.38298035E+01  1.36965752E+01  1.37631893E+01  1.37610359E+01
  2.50999999E+00  1.39009686E+01  1.39763832E+01  1.38298035E+01  1.39030933E+01  1.39009237E+01
  2.51999998E+00  1.40540276E+01  1.41360283E+01  1.39763832E+01  1.40562057E+01  1.40540447E+01
  2.52999997E+00  1.42201738E+01  1.43085480E+01  1.41360283E+01  1.42222881E+01  1.42201109E+01
  2.53999996E+00  1.43993750E+01  1.44943237E+01  1.43085480E+01  1.44014359E+01  1.43992186E+01
  2.54999995E+00  1.45915623E+01  1.46934509E+01  1.44943237E+01  1.45938873E+01  1.45918217E+01
  2.55999994E+00  1.47966347E+01  1.49044037E+01  1.46934509E+01  1.47989273E+01  1.47968292E+01
  2.56999993E+00  1.50144672E+01  1.51285172E+01  1.49044037E+01  1.50164604E+01  1.50143309E+01
  2.57999992E+00  1.52448997E+01  1.53652191E+01  1.51285172E+01  1.52468681E+01  1.52448025E+01
  2.58999991E+00  1.54877357E+01  1.56141281E+01  1.53652191E+01  1.54896736E+01  1.54876394E+01
  2.59999990E+00  1.57427654E+01  1.58754349E+01  1.56141281E+01  1.57447815E+01  1.57427950E+01
  2.60999990E+00  1.60097313E+01  1.61479950E+01  1.58754349E+01  1.60117149E+01  1.60097923E+01
  2.61999989E+00  1.62883644E+01  1.64323807E+01  1.61479950E+01  1.62901878E+01  1.62883129E+01
  2.62999988E+00  1.65783558E+01  1.67278290E+01  1.64323807E+01  1.65801048E+01  1.65782452E+01
  2.63999987E+00  1.68793755E+01  1.70343399E+01  1.67278290E+01  1.68810844E+01  1.68793201E+01
  2.64999986E+00  1.71910667E+01  1.73513412E+01  1.70343399E+01  1.71928406E+01  1.71911240E+01
  2.65999985E+00  1.75130482E+01  1.76780701E+01  1.73513412E+01  1.75147057E+01  1.75130539E+01
  2.66999984E+00  1.78449135E+01  1.80149078E+01  1.76780701E+01  1.78464890E+01  1.78448849E+01
  2.67999983E+00  1.81862297E+01  1.83610916E+01  1.80149078E+01  1.81879997E+01  1.81866016E+01
  2.69000006E+00  1.85365562E+01  1.87152863E+01  1.83610916E+01  1.85381889E+01  1.85368538E+01
  2.70000005E+00  1.88953972E+01  1.90780640E+01  1.87152863E+01  1.88966751E+01  1.88953400E+01
  2.71000004E+00  1.92622757E+01  1.94490433E+01  1.90780640E+01  1.92635536E+01  1.92623310E+01
  2.72000003E+00  1.96366844E+01  1.98265076E+01  1.94490433E+01  1.96377754E+01  1.96365833E+01
  2.73000002E+00  2.00180759E+01  2.02116013E+01  1.98265076E+01  2.00190544E+01  2.00179272E+01
  2.74000001E+00  2.04059277E+01  2.06024170E+01  2.02116013E+01  2.04070091E+01  2.04060249E+01
  2.75000000E+00  2.07996674E+01  2.09987640E+01  2.06024170E+01  2.08005905E+01  2.07997646E+01
  2.75999999E+00  2.11987267E+01  2.14000702E+01  2.09987640E+01  2.11994171E+01  2.11986389E+01
  2.76999998E+00  2.16025200E+01  2.18061447E+01  2.14000702E+01  2.16031075E+01  2.16023617E+01
  2.77999997E+00  2.20104485E+01  2.22160339E+01  2.18061447E+01  2.20110893E+01  2.20105019E+01
  2.78999996E+00  2.24219170E+01  2.26287842E+01  2.22160339E+01  2.24224091E+01  2.24219494E+01
  2.79999995E+00  2.28363132E+01  2.30445862E+01  2.26287842E+01  2.28366852E+01  2.28363361E+01
  2.80999994E+00  2.32530117E+01  2.34619141E+01  2.30445862E+01  2.32532501E+01  2.32529640E+01
  2.81999993E+00  2.36714039E+01  2.38811493E+01  2.34619141E+01  2.36715317E+01  2.36713104E+01
  2.82999992E+00  2.40908604E+01  2.43007660E+01  2.38811493E+01  2.40909576E+01  2.40908623E+01
  2.83999991E+00  2.45107555E+01  2.47205734E+01  2.43007660E+01  2.45106697E+01  2.45107346E+01
  2.84999990E+00  2.49304676E+01  2.51399994E+01  2.47205734E+01  2.49302864E+01  2.49304466E+01
  2.85999990E+00  2.53493671E+01  2.55582809E+01  2.51399994E+01  2.53491402E+01  2.53493958E+01
  2.86999989E+00  2.57668438E+01  2.59746552E+01  2.55582809E+01  2.57664680E+01  2.57668343E+01
  2.87999988E+00  2.61822834E+01  2.63889313E+01  2.59746552E+01  2.61817932E+01  2.61822224E+01
  2.88999987E+00  2.65950699E+01  2.68001556E+01  2.63889313E+01  2.65945435E+01  2.65950851E+01
  2.89999986E+00  2.70046120E+01  2.72075653E+01  2.68001556E+01  2.70038605E+01  2.70044975E+01
  2.90999985E+00  2.74103241E+01  2.76115417E+01  2.72075653E+01  2.74095535E+01  2.74102859E+01
  2.91999984E+00  2.78116188E+01  2.80101776E+01  2.76115417E+01  2.78108597E+01  2.78116875E+01
  2.92999983E+00  2.82079334E+01  2.84036636E+01  2.80101776E+01  2.82069206E+01  2.82077484E+01
  2.93999982E+00  2.85987129E+01  2.87923813E+01  2.84036636E+01  2.85980225E+01  2.85990715E+01
  2.95000005E+00  2.89834385E+01  2.91730881E+01  2.87923813E+01  2.89827347E+01  2.89839439E+01
  2.96000004E+00  2.93615646E+01  2.95475006E+01  2.91730881E+01  2.93602943E+01  2.93614235E+01
  2.97000003E+00  2.97325993E+01  2.99148560E+01  2.95475006E+01  2.97311783E+01  2.97323875E+01
  2.98000002E+00  3.00960579E+01  3.02743912E+01  2.99148560E+01  3.00946236E+01  3.00959110E+01
