  2.99999993E-02 -4.94115543E+00 -4.91941881E+00 -4.95857143E+00 -4.93899536E+00 -4.94115353E+00
  3.99999991E-02 -4.89553308E+00 -4.86736298E+00 -4.91941881E+00 -4.89339113E+00 -4.89553118E+00
  4.99999970E-02 -4.83706188E+00 -4.80252361E+00 -4.86736298E+00 -4.83494329E+00 -4.83706045E+00
  5.99999987E-02 -4.76588249E+00 -4.72506285E+00 -4.80252361E+00 -4.76379347E+00 -4.76588297E+00
  7.00000003E-02 -4.68216372E+00 -4.63515234E+00 -4.72506285E+00 -4.68010759E+00 -4.68216372E+00
  7.99999982E-02 -4.58610487E+00 -4.53301954E+00 -4.63515234E+00 -4.58408594E+00 -4.58610344E+00
  8.99999961E-02 -4.47793531E+00 -4.41890049E+00 -4.53301954E+00 -4.47596025E+00 -4.47793436E+00
  9.99999940E-02 -4.35791254E+00 -4.29307508E+00 -4.41890049E+00 -4.35598803E+00 -4.35791731E+00
  1.09999999E-01 -4.22632265E+00 -4.15581465E+00 -4.29307508E+00 -4.22444487E+00 -4.22631931E+00
  1.19999997E-01 -4.08347797E+00 -4.00749445E+00 -4.15581465E+00 -4.08165455E+00 -4.08347082E+00
  1.29999995E-01 -3.92971921E+00 -3.84842753E+00 -4.00749445E+00 -3.92796111E+00 -3.92971992E+00
  1.40000001E-01 -3.76541114E+00 -3.67900729E+00 -3.84842753E+00 -3.76371741E+00 -3.76540875E+00
  1.49999991E-01 -3.59094477E+00 -3.49963903E+00 -3.67900729E+00 -3.58932328E+00 -3.59094691E+00
  1.59999996E-01 -3.40673375E+00 -3.31073403E+00 -3.49963903E+00 -3.40518665E+00 -3.40673828E+00
  1.70000002E-01 -3.21321583E+00 -3.11274529E+00 -3.31073403E+00 -3.21173978E+00 -3.21321154E+00
  1.79999992E-01 -3.01084995E+00 -2.90616155E+00 -3.11274529E+00 -3.00945354E+00 -3.01084876E+00
  1.89999998E-01 -2.80011559E+00 -2.69144177E+00 -2.90616155E+00 -2.79880166E+00 -2.80011511E+00
  1.99999988E-01 -2.58151174E+00 -2.46912241E+00 -2.69144177E+00 -2.58028221E+00 -2.58150506E+00
  2.09999993E-01 -2.35555553E+00 -2.23972201E+00 -2.46912241E+00 -2.35442233E+00 -2.35555816E+00
  2.19999999E-01 -2.12278032E+00 -2.00375915E+00 -2.23972201E+00 -2.12174058E+00 -2.12278461E+00
  2.29999989E-01 -1.88373733E+00 -1.76181197E+00 -2.00375915E+00 -1.88278556E+00 -1.88373530E+00
  2.39999995E-01 -1.63898921E+00 -1.51445270E+00 -1.76181197E+00 -1.63813233E+00 -1.63898814E+00
  2.50000000E-01 -1.38911188E+00 -1.26225948E+00 -1.51445270E+00 -1.38835609E+00 -1.38911307E+00
  2.59999990E-01 -1.13469434E+00 -1.00581050E+00 -1.26225948E+00 -1.13403499E+00 -1.13469219E+00
  2.69999981E-01 -8.76333952E-01 -7.45743513E-01 -1.00581050E+00 -8.75777006E-01 -8.76331329E-01
  2.80000001E-01 -6.14635825E-01 -4.82624769E-01 -7.45743513E-01 -6.14184141E-01 -6.14641130E-01
  2.89999992E-01 -3.50214243E-01 -2.17097998E-01 -4.82624769E-01 -3.49861383E-01 -3.50212574E-01
  2.99999982E-01 -8.36865902E-02  5.02228737E-02 -2.17097998E-01 -8.34375620E-02 -8.36859196E-02
  3.10000002E-01  1.84325635E-01  3.18717957E-01  5.02228737E-02  1.84470415E-01  1.84326872E-01
  3.19999993E-01  4.53197122E-01  5.87755442E-01  3.18717957E-01  4.53236699E-01  4.53195989E-01
  3.29999983E-01  7.22303748E-01  8.56721401E-01  5.87755442E-01  7.22238421E-01  7.22303987E-01
  3.40000004E-01  9.91022766E-01  1.12498403E+00  8.56721401E-01  9.90852714E-01  9.91021633E-01
  3.49999994E-01  1.25873017E+00  1.39193535E+00  1.12498403E+00  1.25845969E+00  1.25873041E+00
  3.59999985E-01  1.52481008E+00  1.65693760E+00  1.39193535E+00  1.52443647E+00  1.52480853E+00
  3.70000005E-01  1.78865147E+00  1.91941261E+00  1.65693760E+00  1.78817511E+00  1.78864896E+00
  3.79999995E-01  2.04964781E+00  2.17874050E+00  1.91941261E+00  2.04907656E+00  2.04964972E+00
  3.89999986E-01  2.30720377E+00  2.43432522E+00  2.17874050E+00  2.30653286E+00  2.30720353E+00
  3.99999976E-01  2.56073356E+00  2.68560648E+00  2.43432522E+00  2.55996585E+00  2.56073380E+00
  4.09999996E-01  2.80966330E+00  2.93199420E+00  2.68560648E+00  2.80880046E+00  2.80966067E+00
  4.19999987E-01  3.05343008E+00  3.17295790E+00  2.93199420E+00  3.05247617E+00  3.05342579E+00
  4.29999977E-01  3.29148769E+00  3.40794921E+00  3.17295790E+00  3.29045367E+00  3.29149580E+00
  4.39999998E-01  3.52330589E+00  3.63641977E+00  3.40794921E+00  3.52218461E+00  3.52331161E+00
  4.49999988E-01  3.74836826E+00  3.85789275E+00  3.63641977E+00  3.74715638E+00  3.74836183E+00
  4.59999979E-01  3.96617985E+00  4.07188559E+00  3.85789275E+00  3.96488905E+00  3.96617651E+00
  4.69999999E-01  4.17626524E+00  4.27791500E+00  4.07188559E+00  4.17490005E+00  4.17626429E+00
  4.79999989E-01  4.37816811E+00  4.47554016E+00  4.27791500E+00  4.37672758E+00  4.37816048E+00
  4.89999980E-01  4.57145596E+00  4.66437340E+00  4.47554016E+00  4.56995678E+00  4.57146263E+00
  5.00000000E-01  4.75571775E+00  4.84393263E+00  4.66437340E+00  4.75415277E+00  4.75572205E+00
  5.09999990E-01  4.93056774E+00  5.01393366E+00  4.84393263E+00  4.92893314E+00  4.93056011E+00
  5.19999981E-01  5.09564352E+00  5.17397833E+00  5.01393366E+00  5.09395599E+00  5.09564114E+00
  5.29999971E-01  5.25061083E+00  5.32375860E+00  5.17397833E+00  5.24886847E+00  5.25060177E+00
  5.39999962E-01  5.39515972E+00  5.46301031E+00  5.32375860E+00  5.39338446E+00  5.39516926E+00
  5.50000012E-01  5.52901173E+00  5.59137774E+00  5.46301031E+00  5.52719402E+00  5.52902079E+00
  5.60000002E-01  5.65191174E+00  5.70870972E+00  5.59137774E+00  5.65004349E+00  5.65190315E+00
  5.69999993E-01  5.76363611E+00  5.81476259E+00  5.70870972E+00  5.76173592E+00  5.76363039E+00
  5.79999983E-01  5.86399078E+00  5.90936422E+00  5.81476259E+00  5.86206341E+00  5.86398506E+00
  5.89999974E-01  5.95281076E+00  5.99235773E+00  5.90936422E+00  5.95086098E+00  5.95280027E+00
  5.99999964E-01  6.02996206E+00  6.06368351E+00  5.99235773E+00  6.02802038E+00  6.02998781E+00
  6.10000014E-01  6.09534216E+00  6.12306929E+00  6.06368351E+00  6.09337616E+00  6.09534979E+00
  6.20000005E-01  6.14887571E+00  6.17071104E+00  6.12306929E+00  6.14689016E+00  6.14886761E+00
  6.29999995E-01  6.19052315E+00  6.20636082E+00  6.17071104E+00  6.18853569E+00  6.19051790E+00
  6.39999986E-01  6.22027349E+00  6.23021460E+00  6.20636082E+00  6.21828747E+00  6.22026682E+00
  6.49999976E-01  6.23814821E+00  6.24212360E+00  6.23021460E+00  6.23616886E+00  6.23813868E+00
  6.59999967E-01  6.24419880E+00  6.24234676E+00  6.24212360E+00  6.24223518E+00  6.24418640E+00
  6.69999957E-01  6.23850822E+00  6.23084307E+00  6.24234676E+00  6.23659515E+00  6.23854017E+00
  6.80000007E-01  6.22119141E+00  6.20773458E+00  6.23084307E+00  6.21928883E+00  6.22120237E+00
  6.89999998E-01  6.19239092E+00  6.17326498E+00  6.20773458E+00  6.19049978E+00  6.19237947E+00
  6.99999988E-01  6.15228319E+00  6.12759018E+00  6.17326498E+00  6.15042782E+00  6.15227842E+00
  7.09999979E-01  6.10107279E+00  6.07091808E+00  6.12759018E+00  6.09925413E+00  6.10106468E+00
  7.19999969E-01  6.03899193E+00  6.00351715E+00  6.07091808E+00  6.03721762E+00  6.03898335E+00
  7.29999959E-01  5.96630478E+00  5.92567348E+00  6.00351715E+00  5.96459532E+00  5.96631670E+00
