  2.99999993E-02 -4.94115543E+00 -4.91941881E+00 -4.95857143E+00 -4.93899536E+00 -4.94115353E+00
  3.99999991E-02 -4.89553308E+00 -4.86736298E+00 -4.91941881E+00 -4.89339113E+00 -4.89553118E+00
  4.99999970E-02 -4.83706188E+00 -4.80252361E+00 -4.86736298E+00 -4.83494329E+00 -4.83706045E+00
  5.99999987E-02 -4.76588249E+00 -4.72506285E+00 -4.80252361E+00 -4.76379347E+00 -4.76588297E+00
  7.00000003E-02 -4.68216372E+00 -4.63515234E+00 -4.72506285E+00 -4.68010759E+00 -4.68216372E+00
  7.99999982E-02 -4.58610487E+00 -4.53301954E+00 -4.63515234E+00 -4.58408594E+00 -4.58610344E+00
  8.99999961E-02 -4.47793531E+00 -4.41890049E+00 -4.53301954E+00 -4.47596025E+00 -4.47793436E+00
  9.99999940E-02 -4.35791254E+00 -4.29307508E+00 -4.41890049E+00 -4.35598803E+00 -4.35791731E+00
  1.09999999E-01 -4.22632265E+00 -4.15581465E+00 -4.29307508E+00 -4.22444487E+00 -4.22631931E+00
  1.19999997E-01 -4.08347797E+00 -4.00749445E+00 -4.15581465E+00 -4.08165455E+00 -4.08347082E+00
  1.29999995E-01 -3.92971921E+00 -3.84842753E+00 -4.00749445E+00 -3.92796111E+00 -3.92971992E+00
  1.40000001E-01 -3.76541114E+00 -3.67900729E+00 -3.84842753E+00 -3.76371741E+00 -3.76540875E+00
  1.49999991E-01 -3.59094477E+00 -3.49963903E+00 -3.67900729E+00 -3.58932328E+00 -3.59094691E+00
  1.59999996E-01 -3.40673375E+00 -3.31073403E+00 -3.49963903E+00 -3.40518665E+00 -3.40673828E+00
  1.70000002E-01 -3.21321583E+00 -3.11274529E+00 -3.31073403E+00 -3.21173978E+00 -3.21321154E+00
  1.79999992E-01 -3.01084995E+00 -2.90616155E+00 -3.11274529E+00 -3.00945354E+00 -3.01084876E+00
  1.89999998E-01 -2.80011559E+00 -2.69144177E+00 -2.90616155E+00 -2.79880166E+00 -2.80011511E+00
  1.99999988E-01 -2.58151174E+00 -2.46912241E+00 -2.69144177E+00 -2.58028221E+00 -2.58150506E+00
  2.09999993E-01 -2.35555553E+00 -2.23972201E+00 -2.46912241E+00 -2.35442233E+00 -2.35555816E+00
  2.19999999E-01 -2.12278032E+00 -2.00375915E+00 -2.23972201E+00 -2.12174058E+00 -2.12278461E+00
  2.29999989E-01 -1.88373733E+00 -1.76181197E+00 -2.00375915E+00 -1.88278556E+00 -1.88373530E+00
  2.39999995E-01 -1.63898921E+00 -1.51445270E+00 -1.76181197E+00 -1.63813233E+00 -1.63898814E+00
  2.50000000E-01 -1.38911188E+00 -1.26225948E+00 -1.51445270E+00 -1.38835609E+00 -1.38911307E+00
  2.59999990E-01 -1.13469434E+00 -1.00581050E+00 -1.26225948E+00 -1.13403499E+00 -1.13469219E+00
  2.69999981E-01 -8.76333952E-01 -7.45743513E-01 -1.00581050E+00 -8.75777006E-01 -8.76331329E-01
  2.80000001E-01 -6.14635825E-01 -4.82624769E-01 -7.45743513E-01 -6.14184141E-01 -6.14641130E-01
  2.89999992E-01 -3.50214243E-01 -2.17097998E-01 -4.82624769E-01 -3.49861383E-01 -3.50212574E-01
  2.99999982E-01 -8.36865902E-02  5.02228737E-02 -2.17097998E-01 -8.34375620E-02 -8.36859196E-02
  3.10000002E-01  1.84325635E-01  3.18717957E-01  5.02228737E-02  1.84470415E-01  1.84326872E-01
  3.19999993E-01  4.53197122E-01  5.87755442E-01  3.18717957E-01  4.53236699E-01  4.53195989E-01
  3.29999983E-01  7.22303748E-01  8.56721401E-01  5.87755442E-01  7.22238421E-01  7.22303987E-01
  3.40000004E-01  9.91022766E-01  1.12498403E+00  8.56721401E-01  9.90852714E-01  9.91021633E-01
  3.49999994E-01  1.25873017E+00  1.39193535E+00  1.12498403E+00  1.25845969E+00  1.25873041E+00
  3.59999985E-01  1.52481008E+00  1.65693760E+00  1.39193535E+00  1.52443647E+00  1.52480853E+00
  3.70000005E-01  1.78865147E+00  1.91941261E+00  1.65693760E+00  1.78817511E+00  1.78864896E+00
  3.79999995E-01  2.04964781E+00  2.17874050E+00  1.91941261E+00  2.04907656E+00  2.04964972E+00
  3.89999986E-01  2.30720377E+00  2.43432522E+00  2.17874050E+00  2.30653286E+00  2.30720353E+00
  3.99999976E-01  2.56073356E+00  2.68560648E+00  2.43432522E+00  2.55996585E+00  2.56073380E+00
  4.09999996E-01  2.80966330E+00  2.93199420E+00  2.68560648E+00  2.80880046E+00  2.80966067E+00
  4.19999987E-01  3.05343008E+00  3.17295790E+00  2.93199420E+00  3.05247617E+00  3.05342579E+00
  4.29999977E-01  3.29148769E+00  3.40794921E+00  3.17295790E+00  3.29045367E+00  3.29149580E+00
  4.39999998E-01  3.52330589E+00  3.63641977E+00  3.40794921E+00  3.52218461E+00  3.52331161E+00
  4.49999988E-01  3.74836826E+00  3.85789275E+00  3.63641977E+00  3.74715638E+00  3.74836183E+00
  4.59999979E-01  3.96617985E+00  4.07188559E+00  3.85789275E+00  3.96488905E+00  3.96617651E+00
  4.69999999E-01  4.17626524E+00  4.27791500E+00  4.07188559E+00  4.17490005E+00  4.17626429E+00
  4.79999989E-01  4.37816811E+00  4.47554016E+00  4.27791500E+00  4.37672758E+00  4.37816048E+00
  4.89999980E-01  4.57145596E+00  4.66437340E+00  4.47554016E+00  4.56995678E+00  4.57146263E+00
  5.00000000E-01  4.75571775E+00  4.84393263E+00  4.66437340E+00  4.75415277E+00  4.75572205E+00
  5.09999990E-01  4.93056774E+00  5.01393366E+00  4.84393263E+00  4.92893314E+00  4.93056011E+00
  5.19999981E-01  5.09564352E+00  5.17397833E+00  5.01393366E+00  5.09395599E+00  5.09564114E+00
  5.29999971E-01  5.25061083E+00  5.32375860E+00  5.17397833E+00  5.24886847E+00  5.25060177E+00
  5.39999962E-01  5.39515972E+00  5.46301031E+00  5.32375860E+00  5.39338446E+00  5.39516926E+00
  5.50000012E-01  5.52901173E+00  5.59137774E+00  5.46301031E+00  5.52719402E+00  5.52902079E+00
  5.60000002E-01  5.65191174E+00  5.70870972E+00  5.59137774E+00  5.65004349E+00  5.65190315E+00
  5.69999993E-01  5.76363611E+00  5.81476259E+00  5.70870972E+00  5.76173592E+00  5.76363039E+00
  5.79999983E-01  5.86399078E+00  5.90936422E+00  5.81476259E+00  5.86206341E+00  5.86398506E+00
  5.89999974E-01  5.95281076E+00  5.99235773E+00  5.90936422E+00  5.95086098E+00  5.95280027E+00
  5.99999964E-01  6.02996206E+00  6.06368351E+00  5.99235773E+00  6.02802038E+00  6.02998781E+00
  6.10000014E-01  6.09534216E+00  6.12306929E+00  6.06368351E+00  6.09337616E+00  6.09534979E+00
  6.20000005E-01  6.14887571E+00  6.17071104E+00  6.12306929E+00  6.14689016E+00  6.14886761E+00
  6.29999995E-01  6.19052315E+00  6.20636082E+00  6.17071104E+00  6.18853569E+00  6.19051790E+00
  6.39999986E-01  6.22027349E+00  6.23021460E+00  6.20636082E+00  6.21828747E+00  6.22026682E+00
  6.49999976E-01  6.23814821E+00  6.24212360E+00  6.23021460E+00  6.23616886E+00  6.23813868E+00
  6.59999967E-01  6.24419880E+00  6.24234676E+00  6.24212360E+00  6.24223518E+00  6.24418640E+00
  6.69999957E-01  6.23850822E+00  6.23084307E+00  6.24234676E+00  6.23659515E+00  6.23854017E+00
  6.80000007E-01  6.22119141E+00  6.20773458E+00  6.23084307E+00  6.21928883E+00  6.22120237E+00
  6.89999998E-01  6.19239092E+00  6.17326498E+00  6.20773458E+00  6.19049978E+00  6.19237947E+00
  6.99999988E-01  6.15228319E+00  6.12759018E+00  6.17326498E+00  6.15042782E+00  6.15227842E+00
  7.09999979E-01  6.10107279E+00  6.07091808E+00  6.12759018E+00  6.09925413E+00  6.10106468E+00
  7.19999969E-01  6.03899193E+00  6.00351715E+00  6.07091808E+00  6.03721762E+00  6.03898335E+00
  7.29999959E-01  5.96630478E+00  5.92567348E+00  6.00351715E+00  5.96459532E+00  5.96631670E+00
  7.79999971E-01  5.45486164E+00  5.39088249E+00  5.51599264E+00  5.45343781E+00  5.45484352E+00
  7.89999962E-01  5.32555580E+00  5.25753498E+00  5.39088249E+00  5.32420874E+00  5.32554293E+00
  7.99999952E-01  5.18821907E+00  5.11641502E+00  5.25753498E+00  5.18697500E+00  5.18824053E+00
  8.10000002E-01  5.04331112E+00  4.96788025E+00  5.11641502E+00  5.04214764E+00  5.04333401E+00
  8.19999993E-01  4.89132023E+00  4.81256247E+00  4.96788025E+00  4.89022160E+00  4.89131212E+00
  8.29999983E-01  4.73274326E+00  4.65089083E+00  4.81256247E+00  4.73172665E+00  4.73273611E+00
  8.39999974E-01  4.56810474E+00  4.48346138E+00  4.65089083E+00  4.56717634E+00  4.56809998E+00
  8.49999964E-01  4.39793730E+00  4.31075096E+00  4.48346138E+00  4.39710617E+00  4.39793587E+00
  8.59999955E-01  4.22279692E+00  4.13336754E+00  4.31075096E+00  4.22205925E+00  4.22279453E+00
  8.70000005E-01  4.04324579E+00  3.95185947E+00  4.13336754E+00  4.04261351E+00  4.04325342E+00
  8.79999995E-01  3.85986376E+00  3.76678705E+00  3.95185947E+00  3.85932326E+00  3.85985780E+00
  8.89999986E-01  3.67324328E+00  3.57881784E+00  3.76678705E+00  3.67280245E+00  3.67324352E+00
  8.99999976E-01  3.48397875E+00  3.38846445E+00  3.57881784E+00  3.48364115E+00  3.48398089E+00
  9.09999967E-01  3.29268241E+00  3.19641829E+00  3.38846445E+00  3.29244137E+00  3.29267883E+00
  9.19999957E-01  3.09996295E+00  3.00325155E+00  3.19641829E+00  3.09983492E+00  3.09997010E+00
  9.30000007E-01  2.90644193E+00  2.80958414E+00  3.00325155E+00  2.90641785E+00  2.90645075E+00
  9.39999998E-01  2.71274424E+00  2.61604786E+00  2.80958414E+00  2.71281600E+00  2.71274257E+00
  9.49999988E-01  2.51948929E+00  2.42328644E+00  2.61604786E+00  2.51966715E+00  2.51949143E+00
  9.59999979E-01  2.32730651E+00  2.23188400E+00  2.42328644E+00  2.32758522E+00  2.32729912E+00
  9.69999969E-01  2.13681507E+00  2.04250813E+00  2.23188400E+00  2.13719606E+00  2.13681269E+00
  9.79999959E-01  1.94863987E+00  1.85574293E+00  2.04250813E+00  1.94912553E+00  1.94863677E+00
  9.89999950E-01  1.76339340E+00  1.67223215E+00  1.85574293E+00  1.76398754E+00  1.76340151E+00
  1.00000000E+00  1.58168900E+00  1.49252415E+00  1.67223215E+00  1.58237815E+00  1.58168876E+00
  1.00999999E+00  1.40412939E+00  1.31731033E+00  1.49252415E+00  1.40491724E+00  1.40412951E+00
  1.01999998E+00  1.23131132E+00  1.14710331E+00  1.31731033E+00  1.23220682E+00  1.23132074E+00
  1.02999997E+00  1.06381750E+00  9.82499123E-01  1.14710331E+00  1.06480122E+00  1.06381774E+00
  1.03999996E+00  9.02217388E-01  8.24069977E-01  9.82499123E-01  9.03284550E-01  9.02209699E-01
  1.04999995E+00  7.47071981E-01  6.72411919E-01  8.24069977E-01  7.48240948E-01  7.47072697E-01
  1.05999994E+00  5.98928928E-01  5.27977943E-01  6.72411919E-01  6.00194931E-01  5.98945260E-01
  1.06999993E+00  4.58314180E-01  3.91316414E-01  5.27977943E-01  4.59647179E-01  4.58302110E-01
  1.07999992E+00  3.25736284E-01  2.62975693E-01  3.91316414E-01  3.27146053E-01  3.25715542E-01
  1.09000003E+00  2.01690197E-01  1.43432617E-01  2.62975693E-01  2.03204155E-01  2.01708078E-01
  1.10000002E+00  8.66513252E-02  3.30209732E-02  1.43432617E-01  8.82267952E-02  8.66492614E-02
  1.11000001E+00 -1.89328194E-02 -6.75916672E-02  3.30209732E-02 -1.72853470E-02 -1.89344101E-02
  1.12000000E+00 -1.14629030E-01 -1.58238411E-01 -6.75916672E-02 -1.12915039E-01 -1.14627682E-01
  1.13000000E+00 -2.00034142E-01 -2.38275528E-01 -1.58238411E-01 -1.98256969E-01 -2.00035185E-01
  1.13999999E+00 -2.74763584E-01 -3.07559967E-01 -2.38275528E-01 -2.72917747E-01 -2.74753571E-01
  1.14999998E+00 -3.38462114E-01 -3.65591049E-01 -3.07559967E-01 -3.36575508E-01 -3.38476896E-01
  1.15999997E+00 -3.90797615E-01 -4.12106514E-01 -3.65591049E-01 -3.88848782E-01 -3.90789926E-01
  1.16999996E+00 -4.31466103E-01 -4.46820259E-01 -4.12106514E-01 -4.29463387E-01 -4.31448221E-01
  1.17999995E+00 -4.60191727E-01 -4.69493866E-01 -4.46820259E-01 -4.58157063E-01 -4.60189581E-01
  1.18999994E+00 -4.76727009E-01 -4.79817390E-01 -4.69493866E-01 -4.74655628E-01 -4.76721942E-01
  1.19999993E+00 -4.80851173E-01 -4.77719307E-01 -4.79817390E-01 -4.78768349E-01 -4.80872393E-01
  1.20999992E+00 -4.72376823E-01 -4.62830067E-01 -4.77719307E-01 -4.70274687E-01 -4.72408533E-01
  1.22000003E+00 -4.51142311E-01 -4.35149670E-01 -4.62830067E-01 -4.48989868E-01 -4.51135635E-01
  1.23000002E+00 -4.17019844E-01 -3.94511223E-01 -4.35149670E-01 -4.14830446E-01 -4.16988134E-01
  1.24000001E+00 -3.69910240E-01 -3.40950489E-01 -3.94511223E-01 -3.67730856E-01 -3.69901478E-01
  1.25000000E+00 -3.09747219E-01 -2.74229050E-01 -3.40950489E-01 -3.07589769E-01 -3.09779257E-01
  1.25999999E+00 -2.36493111E-01 -1.94406509E-01 -2.74229050E-01 -2.34317780E-01 -2.36503288E-01
  1.26999998E+00 -1.50144100E-01 -1.01459026E-01 -1.94406509E-01 -1.47932768E-01 -1.50101393E-01
  1.27999997E+00 -5.07249832E-02  4.37498093E-03 -1.01459026E-01 -4.85420227E-02 -5.07086515E-02
  1.28999996E+00  6.17065430E-02  1.23286247E-01  4.37498093E-03  6.38306141E-02  6.16619997E-02
  1.29999995E+00  1.87061310E-01  2.55095959E-01  1.23286247E-01  1.89191103E-01  1.87063217E-01
  1.30999994E+00  3.25221062E-01  3.99589539E-01  2.55095959E-01  3.27342749E-01  3.25241685E-01
  1.31999993E+00  4.76036072E-01  5.56635857E-01  3.99589539E-01  4.78112698E-01  4.76031512E-01
  1.32999992E+00  6.39326096E-01  7.26079941E-01  5.56635857E-01  6.41357899E-01  6.39307499E-01
  1.33999991E+00  8.14883232E-01  9.07731056E-01  7.26079941E-01  8.16905499E-01  8.14902782E-01
  1.35000002E+00  1.00246859E+00  1.10116005E+00  9.07731056E-01  1.00444555E+00  1.00248861E+00
  1.36000001E+00  1.20181370E+00  1.30627155E+00  1.10116005E+00  1.20371580E+00  1.20180249E+00
  1.37000000E+00  1.41262197E+00  1.52266026E+00  1.30627155E+00  1.41446590E+00  1.41260624E+00
  1.38000000E+00  1.63457489E+00  1.75008774E+00  1.52266026E+00  1.63637400E+00  1.63457799E+00
  1.38999999E+00  1.86732101E+00  1.98802948E+00  1.75008774E+00  1.86905861E+00  1.86732411E+00
  1.39999998E+00  2.11048841E+00  2.23627090E+00  1.98802948E+00  2.11215019E+00  2.11047339E+00
  1.40999997E+00  2.36367655E+00  2.49428749E+00  2.23627090E+00  2.36527920E+00  2.36368179E+00
  1.41999996E+00  2.62646604E+00  2.76169777E+00  2.49428749E+00  2.62799263E+00  2.62646675E+00
  1.42999995E+00  2.89840889E+00  3.03800106E+00  2.76169777E+00  2.89984941E+00  2.89839911E+00
  1.43999994E+00  3.17904210E+00  3.32281590E+00  3.03800106E+00  3.18040848E+00  3.17904568E+00
  1.44999993E+00  3.46787620E+00  3.61549854E+00  3.32281590E+00  3.46915722E+00  3.46787786E+00
  1.45999992E+00  3.76441050E+00  3.91569138E+00  3.61549854E+00  3.76559496E+00  3.76438904E+00
  1.46999991E+00  4.06811666E+00  4.22282219E+00  3.91569138E+00  4.06925678E+00  4.06816816E+00
  1.48000002E+00  4.37846422E+00  4.53617573E+00  4.22282219E+00  4.37949896E+00  4.37848759E+00
  1.52999997E+00  6.00984764E+00  6.17864132E+00  5.84208965E+00  6.01036549E+00  6.00983524E+00
  1.53999996E+00  6.34792900E+00  6.51803017E+00  6.17864132E+00  6.34833574E+00  6.34791279E+00
  1.54999995E+00  6.68852758E+00  6.85961246E+00  6.51803017E+00  6.68882132E+00  6.68850756E+00
  1.55999994E+00  7.03102064E+00  7.20283985E+00  6.85961246E+00  7.03122616E+00  7.03101778E+00
  1.56999993E+00  7.37478828E+00  7.54692554E+00  7.20283985E+00  7.37488270E+00  7.37477350E+00
  1.57999992E+00  7.71920729E+00  7.89151192E+00  7.54692554E+00  7.71921873E+00  7.71922684E+00
  1.58999991E+00  8.06365299E+00  8.23559761E+00  7.89151192E+00  8.06355476E+00  8.06364059E+00
  1.59999990E+00  8.40749741E+00  8.57906342E+00  8.23559761E+00  8.40733051E+00  8.40752983E+00
  1.61000001E+00  8.75012875E+00  8.92066956E+00  8.57906342E+00  8.74986649E+00  8.75018883E+00
  1.62000000E+00  9.09092236E+00  9.26027298E+00  8.92066956E+00  9.09047127E+00  9.09086132E+00
  1.63000000E+00  9.42926788E+00  9.59725380E+00  9.26027298E+00  9.42876339E+00  9.42927265E+00
  1.63999999E+00  9.76457310E+00  9.93070602E+00  9.59725380E+00  9.76397991E+00  9.76458454E+00
  1.64999998E+00  1.00962391E+01  1.02603912E+01  9.93070602E+00  1.00955486E+01  1.00962639E+01
  1.65999997E+00  1.04236851E+01  1.05853558E+01  1.02603912E+01  1.04228735E+01  1.04236803E+01
  1.66999996E+00  1.07463341E+01  1.09054565E+01  1.05853558E+01  1.07454062E+01  1.07462845E+01
  1.67999995E+00  1.10636406E+01  1.12198591E+01  1.09054565E+01  1.10626583E+01  1.10636511E+01
  1.68999994E+00  1.13750572E+01  1.15281343E+01  1.12198591E+01  1.13739967E+01  1.13750696E+01
  1.69999993E+00  1.16800594E+01  1.18296146E+01  1.15281343E+01  1.16788750E+01  1.16800232E+01
  1.70999992E+00  1.19781322E+01  1.21241570E+01  1.18296146E+01  1.19768858E+01  1.19781160E+01
  1.71999991E+00  1.22687969E+01  1.24109268E+01  1.21241570E+01  1.22675419E+01  1.22688694E+01
  1.73000002E+00  1.25515814E+01  1.26895428E+01  1.24109268E+01  1.25502348E+01  1.25516376E+01
  1.74000001E+00  1.28260326E+01  1.29596233E+01  1.26895428E+01  1.28245831E+01  1.28260336E+01
  1.75000000E+00  1.30917282E+01  1.32207870E+01  1.29596233E+01  1.30902052E+01  1.30917435E+01
  1.75999999E+00  1.33482656E+01  1.34725571E+01  1.32207870E+01  1.33466721E+01  1.33482780E+01
  1.76999998E+00  1.35952663E+01  1.37145519E+01  1.34725571E+01  1.35935545E+01  1.35951796E+01
  1.77999997E+00  1.38323746E+01  1.39467239E+01  1.37145519E+01  1.38306379E+01  1.38323431E+01
  1.78999996E+00  1.40592709E+01  1.41683578E+01  1.39467239E+01  1.40575409E+01  1.40593014E+01
  1.79999995E+00  1.42756500E+01  1.43793106E+01  1.41683578E+01  1.42738342E+01  1.42756224E+01
  1.80999994E+00  1.44812412E+01  1.45794392E+01  1.43793106E+01  1.44793749E+01  1.44812193E+01
  1.81999993E+00  1.46758060E+01  1.47684097E+01  1.45794392E+01  1.46739244E+01  1.46757841E+01
  1.82999992E+00  1.48591251E+01  1.49460793E+01  1.47684097E+01  1.48572445E+01  1.48591604E+01
  1.83999991E+00  1.50310173E+01  1.51121140E+01  1.49460793E+01  1.50290966E+01  1.50310163E+01
  1.84999990E+00  1.51913242E+01  1.52667522E+01  1.51121140E+01  1.51894331E+01  1.51913767E+01
  1.86000001E+00  1.53399258E+01  1.54093266E+01  1.52667522E+01  1.53380394E+01  1.53400307E+01
  1.87000000E+00  1.54767265E+01  1.55400753E+01  1.54093266E+01  1.54747009E+01  1.54766445E+01
  1.88000000E+00  1.56016655E+01  1.56591892E+01  1.55400753E+01  1.55996323E+01  1.56016035E+01
  1.88999999E+00  1.57147102E+01  1.57662868E+01  1.56591892E+01  1.57127380E+01  1.57147293E+01
  1.89999998E+00  1.58158607E+01  1.58615112E+01  1.57662868E+01  1.58138990E+01  1.58158941E+01
  1.90999997E+00  1.59051495E+01  1.59448147E+01  1.58615112E+01  1.59031630E+01  1.59051142E+01
  1.91999996E+00  1.59826403E+01  1.60164833E+01  1.59448147E+01  1.59806490E+01  1.59825964E+01
  1.92999995E+00  1.60484238E+01  1.60765171E+01  1.60164833E+01  1.60465012E+01  1.60484314E+01
  1.93999994E+00  1.61026249E+01  1.61249161E+01  1.60765171E+01  1.61007175E+01  1.61026115E+01
  1.94999993E+00  1.61453972E+01  1.61620617E+01  1.61249161E+01  1.61434898E+01  1.61453457E+01
  1.95999992E+00  1.61769314E+01  1.61880970E+01  1.61620617E+01  1.61750793E+01  1.61769314E+01
  1.96999991E+00  1.61974373E+01  1.62032127E+01  1.61880970E+01  1.61956558E+01  1.61974506E+01
  1.97999990E+00  1.62071552E+01  1.62076950E+01  1.62032127E+01  1.62054539E+01  1.62072067E+01
  1.99000001E+00  1.62063637E+01  1.62017822E+01  1.62076950E+01  1.62047386E+01  1.62064476E+01
  2.00000000E+00  1.61953583E+01  1.61856651E+01  1.62017822E+01  1.61937237E+01  1.61953773E+01
  2.00999999E+00  1.61744652E+01  1.61600113E+01  1.61856651E+01  1.61728382E+01  1.61744118E+01
  2.01999998E+00  1.61440392E+01  1.61249161E+01  1.61600113E+01  1.61424637E+01  1.61439896E+01
  2.02999997E+00  1.61044617E+01  1.60810471E+01  1.61249161E+01  1.61029816E+01  1.61044369E+01
  2.03999996E+00  1.60561275E+01  1.60284996E+01  1.60810471E+01  1.60547733E+01  1.60561962E+01
  2.04999995E+00  1.59994698E+01  1.59677505E+01  1.60284996E+01  1.59981251E+01  1.59994364E+01
  2.05999994E+00  1.59349346E+01  1.58995628E+01  1.59677505E+01  1.59336567E+01  1.59348888E+01
  2.06999993E+00  1.58629875E+01  1.58241272E+01  1.58995628E+01  1.58618450E+01  1.58630371E+01
  2.07999992E+00  1.57841225E+01  1.57420158E+01  1.58241272E+01  1.57830715E+01  1.57841530E+01
  2.08999991E+00  1.56988459E+01  1.56537056E+01  1.57420158E+01  1.56978607E+01  1.56988230E+01
  2.09999990E+00  1.56076822E+01  1.55597687E+01  1.56537056E+01  1.56067371E+01  1.56075878E+01
  2.10999990E+00  1.55111828E+01  1.54609680E+01  1.55597687E+01  1.55103683E+01  1.55111637E+01
  2.11999989E+00  1.54098921E+01  1.53573990E+01  1.54609680E+01  1.54091835E+01  1.54099226E+01
  2.12999988E+00  1.53043861E+01  1.52500153E+01  1.53573990E+01  1.53037071E+01  1.53042879E+01
  2.13999987E+00  1.51952496E+01  1.51394844E+01  1.52500153E+01  1.51947498E+01  1.51952505E+01
  2.14999986E+00  1.50830698E+01  1.50259018E+01  1.51394844E+01  1.50826931E+01  1.50831146E+01
  2.15999985E+00  1.49684505E+01  1.49104118E+01  1.50259018E+01  1.49681568E+01  1.49684515E+01
  2.16999984E+00  1.48520050E+01  1.47935867E+01  1.49104118E+01  1.48519993E+01  1.48522701E+01
  2.18000007E+00  1.47343426E+01  1.46751404E+01  1.47935867E+01  1.47343636E+01  1.47345066E+01
  2.19000006E+00  1.46160889E+01  1.45569801E+01  1.46751404E+01  1.46160603E+01  1.46160212E+01
  2.20000005E+00  1.44978724E+01  1.44389153E+01  1.45569801E+01  1.44979477E+01  1.44978447E+01
  2.21000004E+00  1.43803043E+01  1.43220901E+01  1.44389153E+01  1.43805027E+01  1.43802881E+01
  2.22000003E+00  1.42640181E+01  1.42066002E+01  1.43220901E+01  1.42643452E+01  1.42640753E+01
  2.23000002E+00  1.41496382E+01  1.40933990E+01  1.42066002E+01  1.41499996E+01  1.41495943E+01
  2.27999997E+00  1.36277466E+01  1.35820389E+01  1.36752129E+01  1.36286259E+01  1.36277122E+01
  2.28999996E+00  1.35375681E+01  1.34950638E+01  1.35820389E+01  1.35385513E+01  1.35375586E+01
  2.29999995E+00  1.34534760E+01  1.34141922E+01  1.34950638E+01  1.34546280E+01  1.34535313E+01
  2.30999994E+00  1.33760262E+01  1.33401871E+01  1.34141922E+01  1.33771896E+01  1.33759823E+01
  2.31999993E+00  1.33057518E+01  1.32738113E+01  1.33401871E+01  1.33069992E+01  1.33056803E+01
  2.32999992E+00  1.32431822E+01  1.32153511E+01  1.32738113E+01  1.32445812E+01  1.32432623E+01
  2.33999991E+00  1.31888189E+01  1.31651878E+01  1.32153511E+01  1.31902695E+01  1.31887913E+01
  2.34999990E+00  1.31431475E+01  1.31240845E+01  1.31651878E+01  1.31446362E+01  1.31430950E+01
  2.35999990E+00  1.31066399E+01  1.30923271E+01  1.31240845E+01  1.31082058E+01  1.31065769E+01
  2.36999989E+00  1.30797310E+01  1.30704880E+01  1.30923271E+01  1.30814075E+01  1.30797386E+01
  2.37999988E+00  1.30628481E+01  1.30587578E+01  1.30704880E+01  1.30646229E+01  1.30628910E+01
  2.38999987E+00  1.30563927E+01  1.30575180E+01  1.30587578E+01  1.30581379E+01  1.30563021E+01
  2.39999986E+00  1.30607319E+01  1.30675316E+01  1.30575180E+01  1.30625248E+01  1.30606737E+01
  2.40999985E+00  1.30762157E+01  1.30886078E+01  1.30675316E+01  1.30780697E+01  1.30761471E+01
  2.41999984E+00  1.31031675E+01  1.31215096E+01  1.30886078E+01  1.31050587E+01  1.31030884E+01
  2.42999983E+00  1.31418839E+01  1.31666183E+01  1.31215096E+01  1.31440639E+01  1.31421175E+01
  2.44000006E+00  1.31926327E+01  1.32230759E+01  1.31666183E+01  1.31948471E+01  1.31928205E+01
  2.45000005E+00  1.32556458E+01  1.32923126E+01  1.32230759E+01  1.32576942E+01  1.32556124E+01
  2.46000004E+00  1.33311367E+01  1.33741379E+01  1.32923126E+01  1.33332253E+01  1.33311272E+01
  2.47000003E+00  1.34192848E+01  1.34688377E+01  1.33741379E+01  1.34214878E+01  1.34193583E+01
  2.48000002E+00  1.35202389E+01  1.35759354E+01  1.34688377E+01  1.35223866E+01  1.35202255E+01
  2.49000001E+00  1.36341171E+01  1.36965752E+01  1.35759354E+01  1.36362553E+01  1.36340780E+01
  2.50000000E+00  1.37610092E+01  1.38298035E+01  1.36965752E+01  1.37631893E+01  1.37610359E+01
  2.50999999E+00  1.39009686E+01  1.39763832E+01  1.38298035E+01  1.39030933E+01  1.39009237E+01
  2.51999998E+00  1.40540276E+01  1.41360283E+01  1.39763832E+01  1.40562057E+01  1.40540447E+01
  2.52999997E+00  1.42201738E+01  1.43085480E+01  1.41360283E+01  1.42222881E+01  1.42201109E+01
  2.53999996E+00  1.43993750E+01  1.44943237E+01  1.43085480E+01  1.44014359E+01  1.43992186E+01
  2.54999995E+00  1.45915623E+01  1.46934509E+01  1.44943237E+01  1.45938873E+01  1.45918217E+01
  2.55999994E+00  1.47966347E+01  1.49044037E+01  1.46934509E+01  1.47989273E+01  1.47968292E+01
  2.56999993E+00  1.50144672E+01  1.51285172E+01  1.49044037E+01  1.50164604E+01  1.50143309E+01
  2.57999992E+00  1.52448997E+01  1.53652191E+01  1.51285172E+01  1.52468681E+01  1.52448025E+01
  2.58999991E+00  1.54877357E+01  1.56141281E+01  1.53652191E+01  1.54896736E+01  1.54876394E+01
  2.59999990E+00  1.57427654E+01  1.58754349E+01  1.56141281E+01  1.57447815E+01  1.57427950E+01
  2.60999990E+00  1.60097313E+01  1.61479950E+01  1.58754349E+01  1.60117149E+01  1.60097923E+01
  2.61999989E+00  1.62883644E+01  1.64323807E+01  1.61479950E+01  1.62901878E+01  1.62883129E+01
  2.62999988E+00  1.65783558E+01  1.67278290E+01  1.64323807E+01  1.65801048E+01  1.65782452E+01
  2.63999987E+00  1.68793755E+01  1.70343399E+01  1.67278290E+01  1.68810844E+01  1.68793201E+01
  2.64999986E+00  1.71910667E+01  1.73513412E+01  1.70343399E+01  1.71928406E+01  1.71911240E+01
  2.65999985E+00  1.75130482E+01  1.76780701E+01  1.73513412E+01  1.75147057E+01  1.75130539E+01
  2.66999984E+00  1.78449135E+01  1.80149078E+01  1.76780701E+01  1.78464890E+01  1.78448849E+01
  2.67999983E+00  1.81862297E+01  1.83610916E+01  1.80149078E+01  1.81879997E+01  1.81866016E+01
  2.69000006E+00  1.85365562E+01  1.87152863E+01  1.83610916E+01  1.85381889E+01  1.85368538E+01
  2.70000005E+00  1.88953972E+01  1.90780640E+01  1.87152863E+01  1.88966751E+01  1.88953400E+01
  2.71000004E+00  1.92622757E+01  1.94490433E+01  1.90780640E+01  1.92635536E+01  1.92623310E+01
  2.72000003E+00  1.96366844E+01  1.98265076E+01  1.94490433E+01  1.96377754E+01  1.96365833E+01
  2.73000002E+00  2.00180759E+01  2.02116013E+01  1.98265076E+01  2.00190544E+01  2.00179272E+01
  2.74000001E+00  2.04059277E+01  2.06024170E+01  2.02116013E+01  2.04070091E+01  2.04060249E+01
  2.75000000E+00  2.07996674E+01  2.09987640E+01  2.06024170E+01  2.08005905E+01  2.07997646E+01
  2.75999999E+00  2.11987267E+01  2.14000702E+01  2.09987640E+01  2.11994171E+01  2.11986389E+01
  2.76999998E+00  2.16025200E+01  2.18061447E+01  2.14000702E+01  2.16031075E+01  2.16023617E+01
  2.77999997E+00  2.20104485E+01  2.22160339E+01  2.18061447E+01  2.20110893E+01  2.20105019E+01
  2.78999996E+00  2.24219170E+01  2.26287842E+01  2.22160339E+01  2.24224091E+01  2.24219494E+01
  2.79999995E+00  2.28363132E+01  2.30445862E+01  2.26287842E+01  2.28366852E+01  2.28363361E+01
  2.80999994E+00  2.32530117E+01  2.34619141E+01  2.30445862E+01  2.32532501E+01  2.32529640E+01
  2.81999993E+00  2.36714039E+01  2.38811493E+01  2.34619141E+01  2.36715317E+01  2.36713104E+01
  2.82999992E+00  2.40908604E+01  2.43007660E+01  2.38811493E+01  2.40909576E+01  2.40908623E+01
  2.83999991E+00  2.45107555E+01  2.47205734E+01  2.43007660E+01  2.45106697E+01  2.45107346E+01
  2.84999990E+00  2.49304676E+01  2.51399994E+01  2.47205734E+01  2.49302864E+01  2.49304466E+01
  2.85999990E+00  2.53493671E+01  2.55582809E+01  2.51399994E+01  2.53491402E+01  2.53493958E+01
  2.86999989E+00  2.57668438E+01  2.59746552E+01  2.55582809E+01  2.57664680E+01  2.57668343E+01
  2.87999988E+00  2.61822834E+01  2.63889313E+01  2.59746552E+01  2.61817932E+01  2.61822224E+01
  2.88999987E+00  2.65950699E+01  2.68001556E+01  2.63889313E+01  2.65945435E+01  2.65950851E+01
  2.89999986E+00  2.70046120E+01  2.72075653E+01  2.68001556E+01  2.70038605E+01  2.70044975E+01
  2.90999985E+00  2.74103241E+01  2.76115417E+01  2.72075653E+01  2.74095535E+01  2.74102859E+01
  2.91999984E+00  2.78116188E+01  2.80101776E+01  2.76115417E+01  2.78108597E+01  2.78116875E+01
  2.92999983E+00  2.82079334E+01  2.84036636E+01  2.80101776E+01  2.82069206E+01  2.82077484E+01
  2.93999982E+00  2.85987129E+01  2.87923813E+01  2.84036636E+01  2.85980225E+01  2.85990715E+01
  2.95000005E+00  2.89834385E+01  2.91730881E+01  2.87923813E+01  2.89827347E+01  2.89839439E+01
  2.96000004E+00  2.93615646E+01  2.95475006E+01  2.91730881E+01  2.93602943E+01  2.93614235E+01
  2.97000003E+00  2.97325993E+01  2.99148560E+01  2.95475006E+01  2.97311783E+01  2.97323875E+01
  2.98000002E+00  3.00960579E+01  3.02743912E+01  2.99148560E+01  3.00946236E+01  3.00959110E+01
