           1          10   2.1277999849189655E-005
           1          20   7.8340001437027240E-006
           1          30   1.9024000039280509E-005
           1          40   4.4030000026396010E-005
           1          50   5.1614000085464795E-005
           1          60   8.1166000200028066E-005
           1          70   9.2267000127321808E-005
           1          80   1.2809100007871166E-004
           1          90   2.2219100014808646E-004
           1         100   2.2416500019062369E-004
           2          10   1.4465100002780673E-004
           2          20   8.3349998476478504E-006
           2          30   1.8694000118557597E-005
           2          40   2.9653999945367104E-005
           2          50   6.2132000039127888E-005
           2          60   5.5800999916755245E-005
           2          70   6.4265999981216737E-005
           2          80   8.2829000120909768E-005
           2          90   1.9478200010780711E-004
           2         100   1.4854799997010559E-004
           4          10   2.9433100007736357E-004
           4          20   7.6040000749344472E-006
           4          30   1.5979000181687297E-005
           4          40   3.6135000073045376E-005
           4          50   3.2538999903408694E-005
           4          60   8.3490999941204791E-005
           4          70   5.6591999964439310E-005
           4          80   5.4988999863780919E-005
           4          90   8.9961999947263394E-005
           4         100   1.2643800005207595E-004
           8          10   4.7807399982957577E-004
           8          20   8.7260000327660237E-006
           8          30   3.5794000041278196E-005
           8          40   2.4334000045200810E-005
           8          50   3.3110000003944151E-005
           8          60   4.6162999979060260E-005
           8          70   4.5841999963158742E-005
           8          80   7.4805999929594691E-005
           8          90   8.6616000089634326E-005
           8         100   1.2167899990345177E-004
           2          10   7.3838000389514491E-005
           2          20   2.9459997676895000E-006
           2          30   6.1520004237536341E-006
           2          40   9.4879997050156817E-006
           2          50   1.6189999769267160E-005
           2          60   2.0629000573535450E-005
           2          70   2.7201000193599612E-005
           2          80   3.2650999855832197E-005
           2          90   5.0894999731099233E-005
           2         100   5.7717999879969284E-005
