           1          10   3.4454000342520885E-005
           1          20   1.4663399997516535E-004
           1          30   4.0301299986822414E-004
           1          40   9.6042500035764533E-004
           1          50   1.9083980000687006E-003
           1          60   3.5608860002867004E-003
           1          70   5.4049629998189630E-003
           1          80   7.9468549997727678E-003
           1          90   1.1179877999893506E-002
           1         100   1.5851300000122137E-002
           2          10   2.1060300014141831E-004
           2          20   1.0348299974793917E-004
           2          30   2.9442000004564761E-004
           2          40   6.8787599957431667E-004
           2          50   1.3515969999389199E-003
           2          60   2.2142289999464992E-003
           2          70   3.3399330000065675E-003
           2          80   4.7562109998580127E-003
           2          90   6.4361710001321626E-003
           2         100   8.9293820001330459E-003
           4          10   3.6488200021267403E-004
           4          20   1.3108499979352928E-004
           4          30   2.2928899988983176E-004
           4          40   5.0017500007015769E-004
           4          50   9.1452000015124213E-004
           4          60   1.4244330000110494E-003
           4          70   2.1654779998243612E-003
           4          80   3.2305690001521725E-003
           4          90   4.3997440002385702E-003
           4         100   5.9190350002609193E-003
           8          10   5.4935700018177158E-004
           8          20   8.0009000157588162E-005
           8          30   2.1560300001510768E-004
           8          40   4.5621300023412914E-004
           8          50   7.8758300014669658E-004
           8          60   1.2830989999201847E-003
           8          70   1.8953930002680863E-003
           8          80   2.7755480000450916E-003
           8          90   3.7262559999362566E-003
           8         100   4.9819529999695078E-003
           1          10   1.4848000319034327E-005
           1          20   6.3247999605664518E-005
           1          30   2.5115900007222081E-004
           1          40   4.4836899996880675E-004
           1          50   8.0202000026474707E-004
           1          60   1.1836940002467600E-003
           1          70   1.7365169996992336E-003
           1          80   2.5954149996323395E-003
           1          90   3.6829980008405983E-003
           1         100   5.1897759994972148E-003
           2          10   7.0441999923787080E-005
           2          20   3.7120000342838466E-005
           2          30   1.1405300028854981E-004
           2          40   2.5833299969235668E-004
           2          50   5.1381100001890445E-004
           2          60   8.4021200018469244E-004
           2          70   1.1335699991832371E-003
           2          80   1.6333050007233396E-003
           2          90   2.3661949999222998E-003
           2         100   3.0278429994723410E-003
