           1         100   3.7991000226611504E-005
           1        1000   3.5154999750375282E-005
           1         100   6.5819999690575060E-006
           1        1000   3.0416999834415037E-005
           1         100   4.5580000005429611E-006
           1        1000   1.8915000055130804E-005
           2         100   4.7690000002376109E-006
           2        1000   1.2163000008058589E-005
           1         100   1.8929995349026285E-006
           1        1000   8.1860007412615232E-006
           1         100   2.1739997464464977E-006
           1        1000   9.3769995146431029E-006
           1         100   2.0839997887378559E-006
           1        1000   8.7660000644973479E-006
           1         100   2.6950001483783126E-006
           1        1000   1.0861000191653147E-005
           1         100   2.8659997042268515E-006
           1        1000   1.0248999387840740E-005
           1         100   1.5429995983140543E-006
           1        1000   6.1820001064916141E-006
