           1         100   1.6801000128907617E-005
           1        1000   2.4215999928856036E-005
           2         100   2.9546700000082637E-004
           2        1000   1.2925000007157905E-005
           1         100   1.5349000022979453E-005
           1        1000   1.0800000382005237E-005
           1         100   1.3655999282491393E-005
           1        1000   9.0169996838085353E-006
           1         100   1.5038000128697604E-005
           1        1000   9.0470002760412171E-006
           1         100   1.0149000445380807E-005
           1        1000   1.6880999282875564E-005
           1         100   6.8930003180867061E-006
           1        1000   1.0630000360833947E-005
           1         100   7.2140001066145487E-006
           1        1000   6.0009997469023801E-006
